1 1
890536 695913
696408 452164
546318 593633
580118 304044
943238 56819
592633 977859
327664 882240
430185 822918
399763 221160
262179 178732
915424 486681
957037 6561
776411 332062
131011 413464
486318 876319
597687 257870
491503 77895
187641 96685
834447 470651
260290 99368
278985 206130
958484 808147
991613 100945
898174 748491
120971 547767
27613 928045
436278 373417
490716 573950
396393 33855
787372 588360
759252 509267
235298 494997
430542 592142
437528 682157
942984 351412
274359 307385
738750 409452
73087 676668
401293 818205
156281 250742
831113 691797
277416 96318
244039 423953
233438 16530
89393 165763
664775 960765
837567 897275
180845 383939
554975 46793
897276 772568
10161 834305
795400 278738
517443 417018
874692 955959
827799 106800
496559 331543
569804 421381
371057 29196
841428 387473
397377 250851
771694 671710
477204 86777
699660 327254
334331 518782
793992 267249
914481 116376
677596 807107
12637 899904
33629 875146
945884 116264
352745 844416
220284 623463
60052 992022
233222 163208
59441 955126
696232 210002
67934 32997
680882 293449
669407 177298
732062 515332
758838 403808
509231 791763
299408 772517
674868 670459
18757 598398
659627 365974
413541 156214
798 814554
720540 814901
717426 137215
254456 667817
762159 89504
680502 394870
985794 116152
908430 43286
454288 848094
386959 30377
666266 425467
714413 64256
